{
    "ARAB_sample": 0.004582662135362625,
    "BOSS_55": 0.013122252188622952,
    "CMR_12": 0.0005536389071494341,
    "CMR_13": 0.0014752220595255494,
    "CMR_16": 0.0,
    "COL": 0.0002248355303891003,
    "COLOMBIA_18": 0.0012010978534817696,
    "CZ_16": 0.003847641870379448,
    "CZ_19": 0.003957956098020077,
    "IMPRINT": 0.0007006772211752832,
    "Indie": 0.001413644407875836,
    "INDIE_2022_selection": 0.0004005206283181906,
    "Mauri_2019": 0.0021028565242886543,
    "Mauri_2020": 0.004093937110155821,
    "MMA_2013": 0.0003850347420666367,
    "NAM": 0.0013225771253928542,
    "PLN_RETRO": 0.0006424763123504817,
    "Pygmyes_CMR_2021_2022": 0.0035210689529776573,
    "RH-CZ_SET": 0.0001288287021452561,
    "SENEGAL_2021_selection": 0.0014693639241158962,
    "SET_120": 0.0003140722110401839,
    "SET_EyeHairDim": 0.025429947301745415,
    "SET_ROMANIA": 0.0014582894509658217,
    "SET_UK": 0.0024573877453804016,
    "Turci": 0.0004678599943872541,
    "ULA_foto": 0.004901708569377661,
    "VIET": 0.0005668664816766977,
    "ZUZDATA_BUSS_TP": 0.001371028833091259
}